20040630.210000      6.008   -9.383  261.596
20040630.210400      5.953   -9.316  263.587
20040630.210800      5.898   -9.248  265.574
20040630.211200      5.843   -9.179  267.555
20040630.211600      5.788   -9.108  269.532
20040630.212000      5.733   -9.035  271.503
20040630.212400      5.677   -8.961  273.469
20040630.212800      5.621   -8.885  275.429
20040630.213200      5.566   -8.807  277.384
20040630.213600      5.510   -8.728  279.332
20040630.214000      5.453   -8.646  281.275
20040630.214400      5.397   -8.563  283.211
20040630.214800      5.341   -8.477  285.141
20040630.215200      5.284   -8.390  287.064
20040630.215600      5.227   -8.300  288.980
20040630.220000      5.170   -8.208  290.889
20040630.220400      5.113   -8.114  292.790
20040630.220800      5.056   -8.017  294.683
20040630.221200      4.998   -7.918  296.569
20040630.221600      4.940   -7.816  298.446
20040630.222000      4.882   -7.711  300.314
20040630.222400      4.824   -7.603  302.173
20040630.222800      4.766   -7.493  304.023
20040630.223200      4.708   -7.379  305.863
20040630.223600      4.649   -7.262  307.693
20040630.224000      4.590   -7.141  309.513
20040630.224400      4.531   -7.017  311.321
20040630.224800      4.472   -6.890  313.118
20040630.225200      4.413   -6.758  314.903
20040630.225600      4.353   -6.623  316.675
20040630.230000      4.293   -6.483  318.435
20040630.230400      4.233   -6.339  320.180
20040630.230800      4.173   -6.190  321.912
20040630.231200      4.113   -6.036  323.628
20040630.231600      4.052   -5.877  325.329
20040630.232000      3.992   -5.712  327.013
20040630.232400      3.931   -5.542  328.680
20040630.232800      3.870   -5.366  330.329
20040630.233200      3.808   -5.184  331.959
20040630.233600      3.747   -4.995  333.569
20040630.234000      3.685   -4.799  335.158
20040630.234400      3.623   -4.596  336.725
20040630.234800      3.561   -4.385  338.268
20040630.235200      3.499   -4.165  339.787
20040630.235600      3.436   -3.937  341.279
20040701.000000      3.374   -3.700  342.743
20040701.000400      3.311   -3.454  344.179
20040701.000800      3.248   -3.196  345.583
20040701.001200      3.185   -2.928  346.954
20040701.001600      3.122   -2.649  348.289
20040701.002000      3.059   -2.357  349.588
20040701.002400      2.995   -2.052  350.846
20040701.002800      2.932   -1.733  352.062
20040701.003200      2.868   -1.400  353.232
20040701.003600      2.805   -1.051  354.354
20040701.004000      2.741   -0.685  355.423
20040701.004400      2.678   -0.301  356.436
20040701.004800      2.614    0.101  357.390
20040701.005200      2.551    0.523  358.278
20040701.005600      2.487    0.967  359.097
20040701.010000      2.424    1.432  359.840
20040701.010400      2.361    1.922    0.502
20040701.010800      2.298    2.437    1.077
20040701.011200      2.236    2.978    1.556
20040701.011600      2.174    3.547    1.934
20040701.012000      2.113    4.144    2.202
20040701.012400      2.053    4.771    2.352
20040701.012800      1.993    5.428    2.373
20040701.013200      1.935    6.116    2.254
20040701.013600      1.877    6.834    1.985
20040701.014000      1.821    7.582    1.552
20040701.014400      1.767    8.358    0.944
20040701.014800      1.714    9.159    0.147
20040701.015200      1.663    9.981  359.149
20040701.015600      1.615   10.819  357.935
20040701.020000      1.569   11.663  356.497
20040701.020400      1.526   12.503  354.823
20040701.020800      1.487   13.327  352.908
20040701.021200      1.451   14.119  350.750
20040701.021600      1.419   14.860  348.355
20040701.022000      1.392   15.531  345.735
20040701.022400      1.369   16.112  342.909
20040701.022800      1.351   16.582  339.909
20040701.023200      1.339   16.924  336.774
20040701.023600      1.332   17.125  333.551
20040701.024000      1.331   17.177  330.291
20040701.024400      1.335   17.078  327.051
20040701.024800      1.345   16.833  323.883
20040701.025200      1.360   16.454  320.833
20040701.025600      1.380   15.955  317.941
20040701.030000      1.405   15.355  315.241
20040701.030400      1.434   14.673  312.756
20040701.030800      1.467   13.930  310.504
20040701.031200      1.504   13.145  308.490
20040701.031600      1.545   12.332  306.716
20040701.032000      1.588   11.508  305.178
20040701.032400      1.634   10.684  303.868
20040701.032800      1.682    9.868  302.776
20040701.033200      1.732    9.068  301.888
20040701.033600      1.784    8.289  301.194
20040701.034000      1.838    7.535  300.679
20040701.034400      1.892    6.808  300.331
20040701.034800      1.948    6.109  300.138
20040701.035200      2.005    5.439  300.088
20040701.035600      2.062    4.799  300.170
20040701.040000      2.120    4.187  300.375
20040701.040400      2.179    3.602  300.692
20040701.040800      2.238    3.045  301.114
20040701.041200      2.298    2.514  301.631
20040701.041600      2.358    2.007  302.238
20040701.042000      2.418    1.524  302.928
20040701.042400      2.478    1.063  303.693
20040701.042800      2.538    0.623  304.530
20040701.043200      2.598    0.204  305.433
20040701.043600      2.659   -0.197  306.397
20040701.044000      2.719   -0.579  307.418
20040701.044400      2.779   -0.945  308.493
20040701.044800      2.840   -1.295  309.617
20040701.045200      2.900   -1.630  310.788
20040701.045600      2.960   -1.951  312.002
20040701.050000      3.020   -2.258  313.257
20040701.050400      3.080   -2.553  314.551
20040701.050800      3.139   -2.836  315.880
20040701.051200      3.199   -3.108  317.244
20040701.051600      3.258   -3.369  318.639
20040701.052000      3.317   -3.620  320.065
20040701.052400      3.376   -3.862  321.519
20040701.052800      3.435   -4.094  323.000
20040701.053200      3.494   -4.318  324.507
20040701.053600      3.552   -4.534  326.038
20040701.054000      3.610   -4.742  327.591
20040701.054400      3.668   -4.943  329.166
20040701.054800      3.726   -5.138  330.762
20040701.055200      3.783   -5.325  332.378
20040701.055600      3.841   -5.507  334.012
20040701.060000      3.898   -5.682  335.664
20040701.060400      3.955   -5.852  337.333
20040701.060800      4.011   -6.016  339.018
20040701.061200      4.068   -6.175  340.719
20040701.061600      4.124   -6.330  342.434
20040701.062000      4.180   -6.479  344.164
20040701.062400      4.236   -6.624  345.906
20040701.062800      4.292   -6.765  347.662
20040701.063200      4.347   -6.902  349.431
20040701.063600      4.403   -7.035  351.211
20040701.064000      4.458   -7.164  353.003
20040701.064400      4.512   -7.290  354.805
20040701.064800      4.567   -7.412  356.618
20040701.065200      4.621   -7.531  358.442
20040701.065600      4.676   -7.646    0.275
20040701.070000      4.730   -7.759    2.117
20040701.070400      4.784   -7.869    3.968
20040701.070800      4.837   -7.976    5.828
20040701.071200      4.891   -8.080    7.697
20040701.071600      4.944   -8.181    9.573
20040701.072000      4.997   -8.280   11.458
20040701.072400      5.050   -8.377   13.350
20040701.072800      5.103   -8.471   15.249
20040701.073200      5.155   -8.564   17.155
20040701.073600      5.207   -8.654   19.068
20040701.074000      5.260   -8.742   20.988
20040701.074400      5.311   -8.827   22.914
20040701.074800      5.363   -8.911   24.846
20040701.075200      5.415   -8.993   26.784
20040701.075600      5.466   -9.074   28.728
20040701.080000      5.518   -9.152   30.677
