20040630.210000      6.010   -9.381  261.561    9.715
20040630.210200      5.983   -9.347  262.557    9.724
20040630.210400      5.955   -9.314  263.552    9.732
20040630.210600      5.928   -9.280  264.545    9.741
20040630.210800      5.901   -9.246  265.538    9.750
20040630.211000      5.873   -9.211  266.529    9.759
20040630.211200      5.845   -9.176  267.519    9.768
20040630.211400      5.818   -9.141  268.508    9.777
20040630.211600      5.790   -9.105  269.495    9.786
20040630.211800      5.763   -9.069  270.481    9.796
20040630.212000      5.735   -9.033  271.466    9.805
20040630.212200      5.707   -8.996  272.449    9.815
20040630.212400      5.679   -8.958  273.432    9.824
20040630.212600      5.652   -8.921  274.412    9.834
20040630.212800      5.624   -8.882  275.392    9.844
20040630.213000      5.596   -8.844  276.369    9.854
20040630.213200      5.568   -8.805  277.346    9.864
20040630.213400      5.540   -8.765  278.321    9.874
20040630.213600      5.512   -8.725  279.294    9.884
20040630.213800      5.484   -8.684  280.266    9.894
20040630.214000      5.456   -8.643  281.237    9.905
20040630.214200      5.428   -8.602  282.205    9.915
20040630.214400      5.400   -8.560  283.172    9.926
20040630.214600      5.371   -8.518  284.138    9.936
20040630.214800      5.343   -8.475  285.102    9.947
20040630.215000      5.315   -8.431  286.064    9.958
20040630.215200      5.287   -8.387  287.025    9.969
20040630.215400      5.258   -8.342  287.983    9.980
20040630.215600      5.230   -8.297  288.940    9.992
20040630.215800      5.201   -8.252  289.895   10.003
20040630.220000      5.173   -8.205  290.849   10.015
20040630.220200      5.144   -8.158  291.800   10.026
20040630.220400      5.116   -8.111  292.749   10.038
20040630.220600      5.087   -8.063  293.697   10.050
20040630.220800      5.058   -8.014  294.643   10.062
20040630.221000      5.030   -7.965  295.586   10.074
20040630.221200      5.001   -7.915  296.528   10.086
20040630.221400      4.972   -7.864  297.467   10.099
20040630.221600      4.943   -7.813  298.404   10.111
20040630.221800      4.914   -7.761  299.339   10.124
20040630.222000      4.885   -7.708  300.272   10.137
20040630.222200      4.856   -7.655  301.203   10.150
20040630.222400      4.827   -7.600  302.131   10.163
20040630.222600      4.798   -7.545  303.057   10.177
20040630.222800      4.769   -7.490  303.981   10.190
20040630.223000      4.740   -7.433  304.902   10.204
20040630.223200      4.711   -7.376  305.820   10.218
20040630.223400      4.681   -7.318  306.736   10.232
20040630.223600      4.652   -7.259  307.650   10.246
20040630.223800      4.623   -7.199  308.561   10.260
20040630.224000      4.593   -7.139  309.469   10.275
20040630.224200      4.564   -7.077  310.374   10.289
20040630.224400      4.534   -7.015  311.277   10.304
20040630.224600      4.505   -6.951  312.177   10.319
20040630.224800      4.475   -6.887  313.073   10.335
20040630.225000      4.445   -6.822  313.967   10.350
20040630.225200      4.416   -6.756  314.858   10.366
20040630.225400      4.386   -6.688  315.745   10.382
20040630.225600      4.356   -6.620  316.630   10.398
20040630.225800      4.326   -6.551  317.511   10.414
20040630.230000      4.296   -6.480  318.389   10.431
20040630.230200      4.266   -6.409  319.263   10.447
20040630.230400      4.236   -6.336  320.134   10.465
20040630.230600      4.206   -6.262  321.001   10.482
20040630.230800      4.176   -6.187  321.865   10.499
20040630.231000      4.146   -6.111  322.725   10.517
20040630.231200      4.116   -6.033  323.581   10.535
20040630.231400      4.086   -5.954  324.433   10.553
20040630.231600      4.055   -5.874  325.282   10.572
20040630.231800      4.025   -5.793  326.126   10.591
20040630.232000      3.995   -5.710  326.966   10.610
20040630.232200      3.964   -5.625  327.801   10.629
20040630.232400      3.934   -5.540  328.632   10.649
20040630.232600      3.903   -5.452  329.459   10.669
20040630.232800      3.873   -5.364  330.281   10.689
20040630.233000      3.842   -5.273  331.098   10.710
20040630.233200      3.812   -5.181  331.910   10.730
20040630.233400      3.781   -5.088  332.718   10.752
20040630.233600      3.750   -4.993  333.520   10.773
20040630.233800      3.719   -4.895  334.317   10.795
20040630.234000      3.688   -4.797  335.109   10.818
20040630.234200      3.658   -4.696  335.895   10.840
20040630.234400      3.627   -4.593  336.675   10.863
20040630.234600      3.596   -4.489  337.449   10.887
20040630.234800      3.565   -4.383  338.218   10.911
20040630.235000      3.534   -4.274  338.980   10.935
20040630.235200      3.502   -4.163  339.736   10.959
20040630.235400      3.471   -4.051  340.485   10.985
20040630.235600      3.440   -3.936  341.228   11.010
20040630.235800      3.409   -3.818  341.964   11.036
20040701.000000      3.378   -3.699  342.692   11.063
20040701.000200      3.346   -3.577  343.413   11.090
20040701.000400      3.315   -3.452  344.127   11.117
20040701.000600      3.283   -3.325  344.833   11.145
20040701.000800      3.252   -3.195  345.531   11.174
20040701.001000      3.221   -3.063  346.221   11.203
20040701.001200      3.189   -2.927  346.902   11.233
20040701.001400      3.157   -2.789  347.574   11.263
20040701.001600      3.126   -2.648  348.237   11.294
20040701.001800      3.094   -2.504  348.891   11.325
20040701.002000      3.063   -2.357  349.536   11.357
20040701.002200      3.031   -2.206  350.170   11.390
20040701.002400      2.999   -2.052  350.794   11.423
20040701.002600      2.968   -1.895  351.407   11.458
20040701.002800      2.936   -1.734  352.010   11.493
20040701.003000      2.904   -1.569  352.601   11.528
20040701.003200      2.872   -1.401  353.180   11.565
20040701.003400      2.841   -1.228  353.747   11.602
20040701.003600      2.809   -1.052  354.302   11.640
20040701.003800      2.777   -0.871  354.844   11.679
20040701.004000      2.745   -0.687  355.372   11.719
20040701.004200      2.714   -0.498  355.886   11.760
20040701.004400      2.682   -0.304  356.386   11.801
20040701.004600      2.650   -0.106  356.870   11.844
20040701.004800      2.618    0.098  357.339   11.888
20040701.005000      2.587    0.306  357.792   11.933
20040701.005200      2.555    0.519  358.229   11.979
20040701.005400      2.523    0.738  358.648   12.026
20040701.005600      2.492    0.962  359.048   12.074
20040701.005800      2.460    1.191  359.430   12.124
20040701.010000      2.428    1.427  359.793   12.175
20040701.010200      2.397    1.668    0.135   12.227
20040701.010400      2.366    1.915    0.457   12.281
20040701.010600      2.334    2.169    0.756   12.336
20040701.010800      2.303    2.429    1.033   12.393
20040701.011000      2.272    2.695    1.286   12.451
20040701.011200      2.241    2.969    1.514   12.511
20040701.011400      2.210    3.249    1.718   12.572
20040701.011600      2.179    3.536    1.895   12.635
20040701.011800      2.149    3.830    2.044   12.700
20040701.012000      2.118    4.131    2.166   12.767
20040701.012200      2.088    4.440    2.258   12.836
20040701.012400      2.058    4.756    2.319   12.907
20040701.012600      2.028    5.080    2.348   12.980
20040701.012800      1.998    5.411    2.344   13.056
20040701.013000      1.969    5.750    2.305   13.133
20040701.013200      1.940    6.096    2.230   13.214
20040701.013400      1.911    6.450    2.118   13.296
20040701.013600      1.882    6.812    1.966   13.381
20040701.013800      1.854    7.181    1.774   13.469
20040701.014000      1.826    7.557    1.540   13.560
20040701.014200      1.799    7.940    1.263   13.653
20040701.014400      1.772    8.330    0.940   13.750
20040701.014600      1.745    8.726    0.570   13.850
20040701.014800      1.719    9.128    0.151   13.953
20040701.015000      1.693    9.535  359.683   14.059
20040701.015200      1.668    9.947  359.162   14.169
20040701.015400      1.644   10.362  358.589   14.282
20040701.015600      1.620   10.781  357.960   14.399
20040701.015800      1.597   11.201  357.276   14.520
20040701.020000      1.574   11.622  356.534   14.644
20040701.020200      1.552   12.041  355.733   14.773
20040701.020400      1.531   12.459  354.874   14.905
20040701.020600      1.511   12.872  353.954   15.042
20040701.020800      1.491   13.280  352.974   15.182
20040701.021000      1.473   13.679  351.934   15.326
20040701.021200      1.455   14.069  350.833   15.475
20040701.021400      1.439   14.446  349.674   15.627
20040701.021600      1.423   14.808  348.456   15.783
20040701.021800      1.409   15.154  347.182   15.943
20040701.022000      1.396   15.479  345.853   16.107
20040701.022200      1.384   15.782  344.474   16.274
20040701.022400      1.373   16.059  343.047   16.444
20040701.022600      1.363   16.310  341.575   16.617
20040701.022800      1.355   16.531  340.065   16.793
20040701.023000      1.348   16.720  338.520   16.971
20040701.023200      1.343   16.876  336.947   17.151
20040701.023400      1.338   16.997  335.351   17.333
20040701.023600      1.335   17.081  333.739   17.515
20040701.023800      1.334   17.128  332.117   17.698
20040701.024000      1.334   17.137  330.493   17.882
20040701.024200      1.335   17.109  328.872   18.065
20040701.024400      1.338   17.044  327.263   18.247
20040701.024600      1.342   16.943  325.671   18.428
20040701.024800      1.347   16.806  324.102   18.608
20040701.025000      1.354   16.635  322.562   18.786
20040701.025200      1.362   16.433  321.056   18.961
20040701.025400      1.371   16.200  319.589   19.134
20040701.025600      1.381   15.940  318.166   19.304
20040701.025800      1.393   15.654  316.790   19.471
20040701.030000      1.406   15.345  315.464   19.634
20040701.030200      1.420   15.016  314.193   19.794
20040701.030400      1.434   14.668  312.977   19.950
20040701.030600      1.450   14.305  311.819   20.103
20040701.030800      1.467   13.929  310.719   20.251
20040701.031000      1.485   13.543  309.679   20.395
20040701.031200      1.504   13.147  308.699   20.536
20040701.031400      1.524   12.745  307.778   20.672
20040701.031600      1.544   12.338  306.917   20.805
20040701.031800      1.565   11.927  306.115   20.933
20040701.032000      1.587   11.515  305.371   21.058
20040701.032200      1.609   11.103  304.684   21.179
20040701.032400      1.632   10.692  304.053   21.296
20040701.032600      1.656   10.283  303.475   21.410
20040701.032800      1.680    9.877  302.951   21.520
20040701.033000      1.705    9.475  302.478   21.626
20040701.033200      1.730    9.078  302.055   21.729
20040701.033400      1.756    8.685  301.680   21.829
20040701.033600      1.782    8.299  301.352   21.926
20040701.033800      1.808    7.918  301.069   22.020
20040701.034000      1.835    7.544  300.829   22.111
20040701.034200      1.862    7.177  300.631   22.200
20040701.034400      1.890    6.817  300.473   22.285
20040701.034600      1.917    6.463  300.354   22.368
20040701.034800      1.945    6.117  300.273   22.449
20040701.035000      1.973    5.779  300.227   22.527
20040701.035200      2.002    5.447  300.216   22.603
20040701.035400      2.030    5.123  300.238   22.676
20040701.035600      2.059    4.806  300.292   22.748
20040701.035800      2.088    4.496  300.376   22.817
20040701.040000      2.117    4.193  300.490   22.885
20040701.040200      2.146    3.897  300.632   22.950
20040701.040400      2.176    3.608  300.801   23.014
20040701.040600      2.205    3.325  300.997   23.076
20040701.040800      2.235    3.049  301.217   23.136
20040701.041000      2.264    2.780  301.462   23.195
20040701.041200      2.294    2.517  301.730   23.252
20040701.041400      2.324    2.261  302.020   23.308
20040701.041600      2.354    2.010  302.332   23.362
20040701.041800      2.384    1.765  302.665   23.415
20040701.042000      2.414    1.526  303.017   23.467
20040701.042200      2.444    1.292  303.388   23.517
20040701.042400      2.474    1.064  303.778   23.566
20040701.042600      2.504    0.842  304.186   23.614
20040701.042800      2.534    0.624  304.611   23.661
20040701.043000      2.564    0.412  305.053   23.707
20040701.043200      2.594    0.204  305.510   23.751
20040701.043400      2.625    0.001  305.983   23.795
20040701.043600      2.655   -0.197  306.471   23.837
20040701.043800      2.685   -0.391  306.973   23.879
20040701.044000      2.715   -0.580  307.489   23.919
20040701.044200      2.745   -0.766  308.018   23.959
20040701.044400      2.775   -0.947  308.560   23.998
20040701.044600      2.805   -1.124  309.115    0.036
20040701.044800      2.835   -1.297  309.681    0.074
20040701.045000      2.865   -1.467  310.260    0.110
20040701.045200      2.896   -1.633  310.849    0.146
20040701.045400      2.926   -1.795  311.450    0.181
20040701.045600      2.956   -1.954  312.061    0.215
20040701.045800      2.986   -2.109  312.683    0.249
20040701.050000      3.015   -2.262  313.314    0.282
20040701.050200      3.045   -2.411  313.955    0.314
20040701.050400      3.075   -2.557  314.605    0.346
20040701.050600      3.105   -2.700  315.265    0.377
20040701.050800      3.135   -2.840  315.933    0.407
20040701.051000      3.165   -2.978  316.609    0.437
20040701.051200      3.194   -3.112  317.294    0.467
20040701.051400      3.224   -3.244  317.987    0.496
20040701.051600      3.254   -3.374  318.688    0.524
20040701.051800      3.283   -3.500  319.396    0.552
20040701.052000      3.313   -3.625  320.112    0.579
20040701.052200      3.342   -3.747  320.835    0.606
20040701.052400      3.372   -3.867  321.564    0.633
20040701.052600      3.401   -3.984  322.301    0.658
20040701.052800      3.430   -4.099  323.044    0.684
20040701.053000      3.460   -4.213  323.793    0.709
20040701.053200      3.489   -4.324  324.549    0.734
20040701.053400      3.518   -4.433  325.311    0.758
20040701.053600      3.547   -4.540  326.078    0.782
20040701.053800      3.576   -4.645  326.851    0.806
20040701.054000      3.605   -4.748  327.630    0.829
20040701.054200      3.634   -4.850  328.415    0.851
20040701.054400      3.663   -4.950  329.204    0.874
20040701.054600      3.692   -5.048  329.999    0.896
20040701.054800      3.721   -5.144  330.799    0.918
20040701.055000      3.750   -5.239  331.604    0.939
20040701.055200      3.779   -5.332  332.413    0.960
20040701.055400      3.807   -5.423  333.228    0.981
20040701.055600      3.836   -5.513  334.046    1.001
20040701.055800      3.865   -5.602  334.870    1.022
20040701.060000      3.893   -5.689  335.697    1.042
20040701.060200      3.922   -5.774  336.529    1.061
20040701.060400      3.950   -5.859  337.365    1.080
20040701.060600      3.978   -5.941  338.205    1.100
20040701.060800      4.007   -6.023  339.049    1.118
20040701.061000      4.035   -6.103  339.897    1.137
20040701.061200      4.063   -6.182  340.749    1.155
20040701.061400      4.091   -6.260  341.604    1.173
20040701.061600      4.119   -6.337  342.464    1.191
20040701.061800      4.148   -6.412  343.326    1.209
20040701.062000      4.176   -6.486  344.192    1.226
20040701.062200      4.203   -6.560  345.062    1.243
20040701.062400      4.231   -6.632  345.934    1.260
20040701.062600      4.259   -6.703  346.810    1.277
20040701.062800      4.287   -6.773  347.689    1.293
20040701.063000      4.315   -6.842  348.572    1.309
20040701.063200      4.342   -6.910  349.457    1.325
20040701.063400      4.370   -6.976  350.345    1.341
20040701.063600      4.398   -7.042  351.237    1.357
20040701.063800      4.425   -7.108  352.131    1.372
20040701.064000      4.453   -7.172  353.027    1.387
20040701.064200      4.480   -7.235  353.927    1.403
20040701.064400      4.508   -7.297  354.829    1.418
20040701.064600      4.535   -7.359  355.734    1.432
20040701.064800      4.562   -7.419  356.642    1.447
20040701.065000      4.589   -7.479  357.552    1.461
20040701.065200      4.617   -7.538  358.465    1.475
20040701.065400      4.644   -7.597  359.380    1.489
20040701.065600      4.671   -7.654    0.297    1.503
20040701.065800      4.698   -7.711    1.217    1.517
20040701.070000      4.725   -7.767    2.139    1.531
20040701.070200      4.752   -7.822    3.063    1.544
20040701.070400      4.779   -7.876    3.990    1.557
20040701.070600      4.806   -7.930    4.918    1.571
20040701.070800      4.832   -7.983    5.849    1.584
20040701.071000      4.859   -8.036    6.782    1.597
20040701.071200      4.886   -8.088    7.717    1.609
20040701.071400      4.912   -8.139    8.654    1.622
20040701.071600      4.939   -8.189    9.593    1.634
20040701.071800      4.966   -8.239   10.534    1.647
20040701.072000      4.992   -8.288   11.477    1.659
20040701.072200      5.019   -8.337   12.422    1.671
20040701.072400      5.045   -8.385   13.369    1.683
20040701.072600      5.071   -8.432   14.317    1.695
20040701.072800      5.098   -8.479   15.268    1.706
20040701.073000      5.124   -8.526   16.220    1.718
20040701.073200      5.150   -8.572   17.173    1.730
20040701.073400      5.176   -8.617   18.129    1.741
20040701.073600      5.202   -8.661   19.086    1.752
20040701.073800      5.229   -8.706   20.045    1.763
20040701.074000      5.255   -8.749   21.005    1.774
20040701.074200      5.281   -8.793   21.967    1.785
20040701.074400      5.307   -8.835   22.931    1.796
20040701.074600      5.332   -8.878   23.896    1.807
20040701.074800      5.358   -8.919   24.863    1.817
20040701.075000      5.384   -8.961   25.831    1.828
20040701.075200      5.410   -9.001   26.800    1.838
20040701.075400      5.436   -9.042   27.771    1.849
20040701.075600      5.461   -9.082   28.744    1.859
20040701.075800      5.487   -9.121   29.718    1.869
20040701.080000      5.513   -9.160   30.693    1.879
20040701.080200      5.538   -9.199   31.670    1.889
20040701.080400      5.564   -9.237   32.648    1.899
20040701.080600      5.589   -9.275   33.627    1.909
20040701.080800      5.615   -9.312   34.608    1.918
20040701.081000      5.640   -9.349   35.589    1.928
20040701.081200      5.665   -9.386   36.573    1.938
20040701.081400      5.691   -9.422   37.557    1.947
20040701.081600      5.716   -9.458   38.543    1.956
20040701.081800      5.741   -9.493   39.529    1.966
20040701.082000      5.766   -9.529   40.517    1.975
20040701.082200      5.792   -9.563   41.507    1.984
20040701.082400      5.817   -9.598   42.497    1.993
20040701.082600      5.842   -9.632   43.488    2.002
20040701.082800      5.867   -9.666   44.481    2.011
20040701.083000      5.892   -9.699   45.475    2.020
20040701.083200      5.917   -9.732   46.469    2.028
20040701.083400      5.942   -9.765   47.465    2.037
20040701.083600      5.967   -9.797   48.462    2.046
20040701.083800      5.991   -9.829   49.460    2.054
20040701.084000      6.016   -9.861   50.459    2.063
20040701.084200      6.041   -9.893   51.459    2.071
20040701.084400      6.066   -9.924   52.460    2.079
20040701.084600      6.090   -9.955   53.462    2.088
20040701.084800      6.115   -9.985   54.465    2.096
20040701.085000      6.140  -10.015   55.469    2.104
20040701.085200      6.164  -10.045   56.474    2.112
20040701.085400      6.189  -10.075   57.480    2.120
20040701.085600      6.213  -10.105   58.487    2.128
20040701.085800      6.238  -10.134   59.494    2.136
20040701.090000      6.262  -10.163   60.503    2.144
